(kicad_pcb (version 20171130) (host pcbnew "(5.1.8)-1")

  (general
    (thickness 1.6)
    (drawings 22)
    (tracks 262)
    (zones 0)
    (modules 80)
    (nets 171)
  )

  (page A4)
  (layers
    (0 F.Cu signal)
    (31 B.Cu signal)
    (32 B.Adhes user)
    (33 F.Adhes user)
    (34 B.Paste user)
    (35 F.Paste user)
    (36 B.SilkS user)
    (37 F.SilkS user)
    (38 B.Mask user)
    (39 F.Mask user)
    (40 Dwgs.User user hide)
    (41 Cmts.User user)
    (42 Eco1.User user)
    (43 Eco2.User user)
    (44 Edge.Cuts user)
    (45 Margin user)
    (46 B.CrtYd user)
    (47 F.CrtYd user)
    (48 B.Fab user)
    (49 F.Fab user hide)
  )

  (setup
    (last_trace_width 0.4)
    (user_trace_width 0.0889)
    (user_trace_width 0.127)
    (user_trace_width 0.2)
    (user_trace_width 0.25)
    (user_trace_width 0.3)
    (user_trace_width 0.4)
    (trace_clearance 0.0889)
    (zone_clearance 0.508)
    (zone_45_only no)
    (trace_min 0.0889)
    (via_size 0.8)
    (via_drill 0.4)
    (via_min_size 0.2)
    (via_min_drill 0.1)
    (user_via 0.28 0.15)
    (user_via 0.45 0.2)
    (user_via 0.45 0.3)
    (uvia_size 0.3)
    (uvia_drill 0.1)
    (uvias_allowed no)
    (uvia_min_size 0.2)
    (uvia_min_drill 0.1)
    (edge_width 0.05)
    (segment_width 0.2)
    (pcb_text_width 0.3)
    (pcb_text_size 1.5 1.5)
    (mod_edge_width 0.12)
    (mod_text_size 0.6 0.6)
    (mod_text_width 0.14)
    (pad_size 0.28 0.28)
    (pad_drill 0)
    (pad_to_mask_clearance 0.051)
    (solder_mask_min_width 0.25)
    (aux_axis_origin 0 0)
    (visible_elements 7FFFFFFF)
    (pcbplotparams
      (layerselection 0x010fc_ffffffff)
      (usegerberextensions false)
      (usegerberattributes false)
      (usegerberadvancedattributes false)
      (creategerberjobfile false)
      (excludeedgelayer true)
      (linewidth 0.100000)
      (plotframeref false)
      (viasonmask false)
      (mode 1)
      (useauxorigin false)
      (hpglpennumber 1)
      (hpglpenspeed 20)
      (hpglpendiameter 15.000000)
      (psnegative false)
      (psa4output false)
      (plotreference true)
      (plotvalue true)
      (plotinvisibletext false)
      (padsonsilk false)
      (subtractmaskfromsilk false)
      (outputformat 1)
      (mirror false)
      (drillshape 1)
      (scaleselection 1)
      (outputdirectory ""))
  )

  (net 0 "")
  (net 1 GND)
  (net 2 LED+)
  (net 3 LED-)
  (net 4 "Net-(D1-Pad2)")
  (net 5 LEDPWM)
  (net 6 "Net-(U2-Pad10)")
  (net 7 VDDIN)
  (net 8 "Net-(U2-Pad63)")
  (net 9 "Net-(U2-Pad56)")
  (net 10 "Net-(U2-Pad55)")
  (net 11 "Net-(U2-Pad52)")
  (net 12 "Net-(U2-Pad50)")
  (net 13 "Net-(U2-Pad48)")
  (net 14 "Net-(U2-Pad47)")
  (net 15 "Net-(U2-Pad44)")
  (net 16 "Net-(U2-Pad43)")
  (net 17 "Net-(U2-Pad42)")
  (net 18 "Net-(U2-Pad41)")
  (net 19 "Net-(U2-Pad40)")
  (net 20 "Net-(U2-Pad39)")
  (net 21 "Net-(U2-Pad38)")
  (net 22 "Net-(U2-Pad37)")
  (net 23 "Net-(U2-Pad34)")
  (net 24 "Net-(U2-Pad29)")
  (net 25 "Net-(U2-Pad28)")
  (net 26 "Net-(U2-Pad26)")
  (net 27 "Net-(U2-Pad25)")
  (net 28 "Net-(U2-Pad23)")
  (net 29 "Net-(U2-Pad22)")
  (net 30 "Net-(U2-Pad21)")
  (net 31 "Net-(U2-Pad20)")
  (net 32 "Net-(U2-Pad19)")
  (net 33 "Net-(U2-Pad11)")
  (net 34 "Net-(U2-Pad9)")
  (net 35 +5V)
  (net 36 "Net-(L3-Pad1)")
  (net 37 "Net-(D2-Pad2)")
  (net 38 "Net-(D4-Pad2)")
  (net 39 "Net-(J2-PadA7)")
  (net 40 "Net-(J2-PadA6)")
  (net 41 "Net-(J2-PadA8)")
  (net 42 "Net-(J2-PadB5)")
  (net 43 "Net-(J2-PadB8)")
  (net 44 "Net-(J2-PadA5)")
  (net 45 CLKP)
  (net 46 CLKN)
  (net 47 DP)
  (net 48 DN)
  (net 49 SYNC)
  (net 50 "Net-(J1-Pad8)")
  (net 51 "Net-(R9-Pad1)")
  (net 52 "Net-(R10-Pad1)")
  (net 53 IC_CLKN)
  (net 54 IC_CLKP)
  (net 55 "Net-(R11-Pad1)")
  (net 56 "Net-(R12-Pad1)")
  (net 57 "Net-(R13-Pad1)")
  (net 58 "Net-(R14-Pad1)")
  (net 59 TDO)
  (net 60 TDI)
  (net 61 TCK)
  (net 62 TMS)
  (net 63 "Net-(U5-Pad7)")
  (net 64 MISO)
  (net 65 MOSI)
  (net 66 SCLK)
  (net 67 SD_CS)
  (net 68 "Net-(U5-Pad1)")
  (net 69 +1V8)
  (net 70 "Net-(D5-Pad2)")
  (net 71 "Net-(U2-Pad144)")
  (net 72 "Net-(U2-Pad143)")
  (net 73 "Net-(U2-Pad142)")
  (net 74 "Net-(U2-Pad141)")
  (net 75 "Net-(U2-Pad139)")
  (net 76 "Net-(U2-Pad138)")
  (net 77 "Net-(U2-Pad137)")
  (net 78 "Net-(U2-Pad136)")
  (net 79 "Net-(U2-Pad135)")
  (net 80 "Net-(U2-Pad134)")
  (net 81 "Net-(U2-Pad131)")
  (net 82 "Net-(U2-Pad130)")
  (net 83 "Net-(U2-Pad129)")
  (net 84 "Net-(U2-Pad128)")
  (net 85 "Net-(U2-Pad127)")
  (net 86 "Net-(U2-Pad126)")
  (net 87 "Net-(U2-Pad125)")
  (net 88 "Net-(U2-Pad124)")
  (net 89 "Net-(U2-Pad122)")
  (net 90 "Net-(U2-Pad121)")
  (net 91 "Net-(U2-Pad120)")
  (net 92 "Net-(U2-Pad119)")
  (net 93 "Net-(U2-Pad118)")
  (net 94 "Net-(U2-Pad117)")
  (net 95 "Net-(U2-Pad116)")
  (net 96 "Net-(U2-Pad115)")
  (net 97 "Net-(U2-Pad114)")
  (net 98 "Net-(U2-Pad113)")
  (net 99 "Net-(U2-Pad112)")
  (net 100 "Net-(U2-Pad110)")
  (net 101 "Net-(U2-Pad109)")
  (net 102 "Net-(U2-Pad107)")
  (net 103 "Net-(U2-Pad106)")
  (net 104 "Net-(U2-Pad105)")
  (net 105 "Net-(U2-Pad104)")
  (net 106 "Net-(U2-Pad102)")
  (net 107 "Net-(U2-Pad101)")
  (net 108 "Net-(U2-Pad99)")
  (net 109 "Net-(U2-Pad98)")
  (net 110 "Net-(U2-Pad97)")
  (net 111 "Net-(U2-Pad96)")
  (net 112 "Net-(U2-Pad95)")
  (net 113 "Net-(U2-Pad94)")
  (net 114 "Net-(U2-Pad93)")
  (net 115 "Net-(U2-Pad91)")
  (net 116 "Net-(U2-Pad90)")
  (net 117 "Net-(U2-Pad88)")
  (net 118 "Net-(U2-Pad87)")
  (net 119 "Net-(U2-Pad85)")
  (net 120 "Net-(U2-Pad84)")
  (net 121 "Net-(U2-Pad83)")
  (net 122 "Net-(U2-Pad82)")
  (net 123 "Net-(U2-Pad81)")
  (net 124 "Net-(U2-Pad80)")
  (net 125 "Net-(U2-Pad79)")
  (net 126 "Net-(U2-Pad78)")
  (net 127 "Net-(U2-Pad77)")
  (net 128 "Net-(U2-Pad76)")
  (net 129 "Net-(U2-Pad75)")
  (net 130 "Net-(U2-Pad74)")
  (net 131 "Net-(U2-Pad73)")
  (net 132 "Net-(U2-Pad64)")
  (net 133 "Net-(U2-Pad62)")
  (net 134 "Net-(U2-Pad61)")
  (net 135 "Net-(U2-Pad60)")
  (net 136 "Net-(U2-Pad58)")
  (net 137 "Net-(U2-Pad54)")
  (net 138 "Net-(U2-Pad53)")
  (net 139 "Net-(U2-Pad49)")
  (net 140 "Net-(U2-Pad45)")
  (net 141 "Net-(U2-Pad33)")
  (net 142 "Net-(U2-Pad32)")
  (net 143 "Net-(U2-Pad31)")
  (net 144 "Net-(U2-Pad24)")
  (net 145 "Net-(U2-Pad18)")
  (net 146 "Net-(U2-Pad17)")
  (net 147 "Net-(U2-Pad16)")
  (net 148 "Net-(U2-Pad15)")
  (net 149 "Net-(U2-Pad12)")
  (net 150 "Net-(U2-Pad8)")
  (net 151 "Net-(U2-Pad7)")
  (net 152 "Net-(U2-Pad4)")
  (net 153 "Net-(U2-Pad3)")
  (net 154 "Net-(U2-Pad2)")
  (net 155 "Net-(U2-Pad1)")
  (net 156 "Net-(L2-Pad1)")
  (net 157 "Net-(R16-Pad1)")
  (net 158 "Net-(R17-Pad2)")
  (net 159 +1V2)
  (net 160 "Net-(L4-Pad1)")
  (net 161 "Net-(R19-Pad2)")
  (net 162 GNDPLL)
  (net 163 VPP_2V5)
  (net 164 VCCPLL)
  (net 165 "Net-(R22-Pad1)")
  (net 166 "Net-(R23-Pad1)")
  (net 167 CFG_CS)
  (net 168 SCK)
  (net 169 "Net-(U7-Pad7)")
  (net 170 "Net-(U7-Pad3)")

  (net_class Default "This is the default net class."
    (clearance 0.0889)
    (trace_width 0.0889)
    (via_dia 0.8)
    (via_drill 0.4)
    (uvia_dia 0.3)
    (uvia_drill 0.1)
    (add_net +1V2)
    (add_net +1V8)
    (add_net +5V)
    (add_net CFG_CS)
    (add_net CLKN)
    (add_net CLKP)
    (add_net DN)
    (add_net DP)
    (add_net GND)
    (add_net GNDPLL)
    (add_net IC_CLKN)
    (add_net IC_CLKP)
    (add_net LED+)
    (add_net LED-)
    (add_net LEDPWM)
    (add_net MISO)
    (add_net MOSI)
    (add_net "Net-(D1-Pad2)")
    (add_net "Net-(D2-Pad2)")
    (add_net "Net-(D4-Pad2)")
    (add_net "Net-(D5-Pad2)")
    (add_net "Net-(J1-Pad8)")
    (add_net "Net-(J2-PadA5)")
    (add_net "Net-(J2-PadA6)")
    (add_net "Net-(J2-PadA7)")
    (add_net "Net-(J2-PadA8)")
    (add_net "Net-(J2-PadB5)")
    (add_net "Net-(J2-PadB8)")
    (add_net "Net-(L2-Pad1)")
    (add_net "Net-(L3-Pad1)")
    (add_net "Net-(L4-Pad1)")
    (add_net "Net-(R10-Pad1)")
    (add_net "Net-(R11-Pad1)")
    (add_net "Net-(R12-Pad1)")
    (add_net "Net-(R13-Pad1)")
    (add_net "Net-(R14-Pad1)")
    (add_net "Net-(R16-Pad1)")
    (add_net "Net-(R17-Pad2)")
    (add_net "Net-(R19-Pad2)")
    (add_net "Net-(R22-Pad1)")
    (add_net "Net-(R23-Pad1)")
    (add_net "Net-(R9-Pad1)")
    (add_net "Net-(U2-Pad1)")
    (add_net "Net-(U2-Pad10)")
    (add_net "Net-(U2-Pad101)")
    (add_net "Net-(U2-Pad102)")
    (add_net "Net-(U2-Pad104)")
    (add_net "Net-(U2-Pad105)")
    (add_net "Net-(U2-Pad106)")
    (add_net "Net-(U2-Pad107)")
    (add_net "Net-(U2-Pad109)")
    (add_net "Net-(U2-Pad11)")
    (add_net "Net-(U2-Pad110)")
    (add_net "Net-(U2-Pad112)")
    (add_net "Net-(U2-Pad113)")
    (add_net "Net-(U2-Pad114)")
    (add_net "Net-(U2-Pad115)")
    (add_net "Net-(U2-Pad116)")
    (add_net "Net-(U2-Pad117)")
    (add_net "Net-(U2-Pad118)")
    (add_net "Net-(U2-Pad119)")
    (add_net "Net-(U2-Pad12)")
    (add_net "Net-(U2-Pad120)")
    (add_net "Net-(U2-Pad121)")
    (add_net "Net-(U2-Pad122)")
    (add_net "Net-(U2-Pad124)")
    (add_net "Net-(U2-Pad125)")
    (add_net "Net-(U2-Pad126)")
    (add_net "Net-(U2-Pad127)")
    (add_net "Net-(U2-Pad128)")
    (add_net "Net-(U2-Pad129)")
    (add_net "Net-(U2-Pad130)")
    (add_net "Net-(U2-Pad131)")
    (add_net "Net-(U2-Pad134)")
    (add_net "Net-(U2-Pad135)")
    (add_net "Net-(U2-Pad136)")
    (add_net "Net-(U2-Pad137)")
    (add_net "Net-(U2-Pad138)")
    (add_net "Net-(U2-Pad139)")
    (add_net "Net-(U2-Pad141)")
    (add_net "Net-(U2-Pad142)")
    (add_net "Net-(U2-Pad143)")
    (add_net "Net-(U2-Pad144)")
    (add_net "Net-(U2-Pad15)")
    (add_net "Net-(U2-Pad16)")
    (add_net "Net-(U2-Pad17)")
    (add_net "Net-(U2-Pad18)")
    (add_net "Net-(U2-Pad19)")
    (add_net "Net-(U2-Pad2)")
    (add_net "Net-(U2-Pad20)")
    (add_net "Net-(U2-Pad21)")
    (add_net "Net-(U2-Pad22)")
    (add_net "Net-(U2-Pad23)")
    (add_net "Net-(U2-Pad24)")
    (add_net "Net-(U2-Pad25)")
    (add_net "Net-(U2-Pad26)")
    (add_net "Net-(U2-Pad28)")
    (add_net "Net-(U2-Pad29)")
    (add_net "Net-(U2-Pad3)")
    (add_net "Net-(U2-Pad31)")
    (add_net "Net-(U2-Pad32)")
    (add_net "Net-(U2-Pad33)")
    (add_net "Net-(U2-Pad34)")
    (add_net "Net-(U2-Pad37)")
    (add_net "Net-(U2-Pad38)")
    (add_net "Net-(U2-Pad39)")
    (add_net "Net-(U2-Pad4)")
    (add_net "Net-(U2-Pad40)")
    (add_net "Net-(U2-Pad41)")
    (add_net "Net-(U2-Pad42)")
    (add_net "Net-(U2-Pad43)")
    (add_net "Net-(U2-Pad44)")
    (add_net "Net-(U2-Pad45)")
    (add_net "Net-(U2-Pad47)")
    (add_net "Net-(U2-Pad48)")
    (add_net "Net-(U2-Pad49)")
    (add_net "Net-(U2-Pad50)")
    (add_net "Net-(U2-Pad52)")
    (add_net "Net-(U2-Pad53)")
    (add_net "Net-(U2-Pad54)")
    (add_net "Net-(U2-Pad55)")
    (add_net "Net-(U2-Pad56)")
    (add_net "Net-(U2-Pad58)")
    (add_net "Net-(U2-Pad60)")
    (add_net "Net-(U2-Pad61)")
    (add_net "Net-(U2-Pad62)")
    (add_net "Net-(U2-Pad63)")
    (add_net "Net-(U2-Pad64)")
    (add_net "Net-(U2-Pad7)")
    (add_net "Net-(U2-Pad73)")
    (add_net "Net-(U2-Pad74)")
    (add_net "Net-(U2-Pad75)")
    (add_net "Net-(U2-Pad76)")
    (add_net "Net-(U2-Pad77)")
    (add_net "Net-(U2-Pad78)")
    (add_net "Net-(U2-Pad79)")
    (add_net "Net-(U2-Pad8)")
    (add_net "Net-(U2-Pad80)")
    (add_net "Net-(U2-Pad81)")
    (add_net "Net-(U2-Pad82)")
    (add_net "Net-(U2-Pad83)")
    (add_net "Net-(U2-Pad84)")
    (add_net "Net-(U2-Pad85)")
    (add_net "Net-(U2-Pad87)")
    (add_net "Net-(U2-Pad88)")
    (add_net "Net-(U2-Pad9)")
    (add_net "Net-(U2-Pad90)")
    (add_net "Net-(U2-Pad91)")
    (add_net "Net-(U2-Pad93)")
    (add_net "Net-(U2-Pad94)")
    (add_net "Net-(U2-Pad95)")
    (add_net "Net-(U2-Pad96)")
    (add_net "Net-(U2-Pad97)")
    (add_net "Net-(U2-Pad98)")
    (add_net "Net-(U2-Pad99)")
    (add_net "Net-(U5-Pad1)")
    (add_net "Net-(U5-Pad7)")
    (add_net "Net-(U7-Pad3)")
    (add_net "Net-(U7-Pad7)")
    (add_net SCK)
    (add_net SCLK)
    (add_net SD_CS)
    (add_net SYNC)
    (add_net TCK)
    (add_net TDI)
    (add_net TDO)
    (add_net TMS)
    (add_net VCCPLL)
    (add_net VDDIN)
    (add_net VPP_2V5)
  )

  (module "iPod nano 6 LCD:Molex 503548-1220" (layer F.Cu) (tedit 5FE5ACD5) (tstamp 5FE03F5B)
    (at 175.006 63.754 270)
    (path /5FD66C40)
    (fp_text reference J1 (at 2.566 0.046) (layer F.SilkS)
      (effects (font (size 0.6 0.6) (thickness 0.14)))
    )
    (fp_text value Molex_503548-1220 (at 0.508 -2.54 90) (layer F.Fab)
      (effects (font (size 1 1) (thickness 0.15)))
    )
    (fp_text user . (at -1.117 2.032 90) (layer F.SilkS)
      (effects (font (size 0.6 0.6) (thickness 0.14)))
    )
    (fp_line (start 24.915 15.027) (end 24.915 14.138) (layer F.SilkS) (width 0.12))
    (fp_line (start 22.883 15.027) (end 24.915 15.027) (layer F.SilkS) (width 0.12))
    (fp_line (start 22.883 14.138) (end 22.883 15.027) (layer F.SilkS) (width 0.12))
    (fp_line (start 24.915 14.138) (end 22.883 14.138) (layer F.SilkS) (width 0.12))
    (fp_line (start 22.375 15.408) (end 22.375 13.757) (layer F.SilkS) (width 0.12))
    (fp_line (start 25.423 15.408) (end 22.375 15.408) (layer F.SilkS) (width 0.12))
    (fp_line (start 25.423 13.757) (end 25.423 15.408) (layer F.SilkS) (width 0.12))
    (fp_line (start 22.375 13.757) (end 25.423 13.757) (layer F.SilkS) (width 0.12))
    (fp_line (start 0 -38) (end 31 -38) (layer F.SilkS) (width 0.12))
    (fp_line (start 0 -5) (end 0 -38) (layer F.SilkS) (width 0.12))
    (fp_line (start 0 -5) (end 31 -5) (layer F.SilkS) (width 0.12))
    (fp_line (start 31 -5) (end 31 -38) (layer F.SilkS) (width 0.12))
    (fp_line (start -3 -41) (end 33 -41) (layer F.SilkS) (width 0.12))
    (fp_line (start -3 -41) (end 28 -41) (layer F.SilkS) (width 0.12))
    (fp_line (start -3 -2) (end 33 -2) (layer F.SilkS) (width 0.12))
    (fp_line (start 33 -2) (end 33 -41) (layer F.SilkS) (width 0.12))
    (fp_line (start -3 -41) (end -3 -2) (layer F.SilkS) (width 0.12))
    (pad 11 smd rect (at 22.133 13.399 270) (size 0.5 0.47) (layers F.Cu F.Paste F.Mask)
      (net 1 GND))
    (pad 11 smd rect (at 25.633 13.399 270) (size 0.5 0.47) (layers F.Cu F.Paste F.Mask)
      (net 1 GND))
    (pad 11 smd rect (at 25.633 15.789 270) (size 0.5 0.47) (layers F.Cu F.Paste F.Mask)
      (net 1 GND))
    (pad 1 smd rect (at 22.883 15.789 270) (size 0.24 0.47) (layers F.Cu F.Paste F.Mask)
      (net 45 CLKP))
    (pad 11 smd rect (at 22.133 15.789 270) (size 0.5 0.47) (layers F.Cu F.Paste F.Mask)
      (net 1 GND))
    (pad 3 smd rect (at 23.283 15.789 270) (size 0.24 0.47) (layers F.Cu F.Paste F.Mask)
      (net 46 CLKN))
    (pad 5 smd rect (at 23.683 15.789 270) (size 0.24 0.47) (layers F.Cu F.Paste F.Mask)
      (net 1 GND))
    (pad 7 smd rect (at 24.083 15.789 270) (size 0.24 0.47) (layers F.Cu F.Paste F.Mask)
      (net 47 DP))
    (pad 9 smd rect (at 24.483 15.789 270) (size 0.24 0.47) (layers F.Cu F.Paste F.Mask)
      (net 48 DN))
    (pad 11 smd rect (at 24.883 15.789 270) (size 0.24 0.47) (layers F.Cu F.Paste F.Mask)
      (net 1 GND))
    (pad 12 smd rect (at 24.883 13.399 270) (size 0.24 0.47) (layers F.Cu F.Paste F.Mask)
      (net 3 LED-))
    (pad 10 smd rect (at 24.483 13.399 270) (size 0.24 0.47) (layers F.Cu F.Paste F.Mask)
      (net 2 LED+))
    (pad 8 smd rect (at 24.083 13.399 270) (size 0.24 0.47) (layers F.Cu F.Paste F.Mask)
      (net 50 "Net-(J1-Pad8)"))
    (pad 6 smd rect (at 23.683 13.399 270) (size 0.24 0.47) (layers F.Cu F.Paste F.Mask)
      (net 49 SYNC))
    (pad 4 smd rect (at 23.283 13.399 270) (size 0.24 0.47) (layers F.Cu F.Paste F.Mask)
      (net 69 +1V8))
    (pad 2 smd rect (at 22.883 13.399 270) (size 0.24 0.47) (layers F.Cu F.Paste F.Mask)
      (net 7 VDDIN))
  )

  (module Package_DFN_QFN:DFN-8-1EP_3x2mm_P0.5mm_EP1.75x1.45mm (layer F.Cu) (tedit 5EA4BDA6) (tstamp 5FE7F161)
    (at 132.1505 62.5925)
    (descr "8-Lead Plastic Dual Flat, No Lead Package (MC) - 2x3x0.9 mm Body [DFN] (see Microchip Packaging Specification 00000049BS.pdf)")
    (tags "DFN 0.5")
    (path /607EEFB8)
    (attr smd)
    (fp_text reference U7 (at -1.8485 -1.7595) (layer F.SilkS)
      (effects (font (size 0.6 0.6) (thickness 0.14)))
    )
    (fp_text value AT25xxx (at 0 2.05) (layer F.Fab)
      (effects (font (size 1 1) (thickness 0.15)))
    )
    (fp_text user %R (at 0 0) (layer F.Fab)
      (effects (font (size 0.7 0.7) (thickness 0.105)))
    )
    (fp_line (start -0.5 -1) (end 1.5 -1) (layer F.Fab) (width 0.15))
    (fp_line (start 1.5 -1) (end 1.5 1) (layer F.Fab) (width 0.15))
    (fp_line (start 1.5 1) (end -1.5 1) (layer F.Fab) (width 0.15))
    (fp_line (start -1.5 1) (end -1.5 0) (layer F.Fab) (width 0.15))
    (fp_line (start -1.5 0) (end -0.5 -1) (layer F.Fab) (width 0.15))
    (fp_line (start -2.1 -1.3) (end -2.1 1.3) (layer F.CrtYd) (width 0.05))
    (fp_line (start 2.1 -1.3) (end 2.1 1.3) (layer F.CrtYd) (width 0.05))
    (fp_line (start -2.1 -1.3) (end 2.1 -1.3) (layer F.CrtYd) (width 0.05))
    (fp_line (start -2.1 1.3) (end 2.1 1.3) (layer F.CrtYd) (width 0.05))
    (fp_line (start -1.5 1.125) (end 1.5 1.125) (layer F.SilkS) (width 0.15))
    (fp_line (start 0 -1.125) (end 1.5 -1.125) (layer F.SilkS) (width 0.15))
    (pad "" smd rect (at -0.4375 -0.3625) (size 0.71 0.58) (layers F.Paste))
    (pad "" smd rect (at 0.4375 -0.3625) (size 0.71 0.58) (layers F.Paste))
    (pad "" smd rect (at 0.4375 0.3625) (size 0.71 0.58) (layers F.Paste))
    (pad 9 smd rect (at 0 0) (size 1.75 1.45) (layers F.Cu F.Mask))
    (pad "" smd rect (at -0.4375 0.3625) (size 0.71 0.58) (layers F.Paste))
    (pad 8 smd rect (at 1.45 -0.75) (size 0.75 0.3) (layers F.Cu F.Paste F.Mask)
      (net 7 VDDIN))
    (pad 7 smd rect (at 1.45 -0.25) (size 0.75 0.3) (layers F.Cu F.Paste F.Mask)
      (net 169 "Net-(U7-Pad7)"))
    (pad 6 smd rect (at 1.45 0.25) (size 0.75 0.3) (layers F.Cu F.Paste F.Mask)
      (net 168 SCK))
    (pad 5 smd rect (at 1.45 0.75) (size 0.75 0.3) (layers F.Cu F.Paste F.Mask)
      (net 65 MOSI))
    (pad 4 smd rect (at -1.45 0.75) (size 0.75 0.3) (layers F.Cu F.Paste F.Mask)
      (net 1 GND))
    (pad 3 smd rect (at -1.45 0.25) (size 0.75 0.3) (layers F.Cu F.Paste F.Mask)
      (net 170 "Net-(U7-Pad3)"))
    (pad 2 smd rect (at -1.45 -0.25) (size 0.75 0.3) (layers F.Cu F.Paste F.Mask)
      (net 64 MISO))
    (pad 1 smd rect (at -1.45 -0.75) (size 0.75 0.3) (layers F.Cu F.Paste F.Mask)
      (net 167 CFG_CS))
    (model ${KISYS3DMOD}/Package_DFN_QFN.3dshapes/DFN-8-1EP_3x2mm_P0.5mm_EP1.75x1.45mm.wrl
      (at (xyz 0 0 0))
      (scale (xyz 1 1 1))
      (rotate (xyz 0 0 0))
    )
  )

  (module Capacitor_SMD:C_0603_1608Metric (layer F.Cu) (tedit 5F68FEEE) (tstamp 5FE7E9AC)
    (at 132.842 60.452)
    (descr "Capacitor SMD 0603 (1608 Metric), square (rectangular) end terminal, IPC_7351 nominal, (Body size source: IPC-SM-782 page 76, https://www.pcb-3d.com/wordpress/wp-content/uploads/ipc-sm-782a_amendment_1_and_2.pdf), generated with kicad-footprint-generator")
    (tags capacitor)
    (path /607F1BE9)
    (attr smd)
    (fp_text reference C38 (at 0 -1.016) (layer F.SilkS)
      (effects (font (size 0.6 0.6) (thickness 0.14)))
    )
    (fp_text value 1u (at 0 1.43) (layer F.Fab)
      (effects (font (size 1 1) (thickness 0.15)))
    )
    (fp_text user %R (at 0 0) (layer F.Fab)
      (effects (font (size 0.4 0.4) (thickness 0.06)))
    )
    (fp_line (start -0.8 0.4) (end -0.8 -0.4) (layer F.Fab) (width 0.1))
    (fp_line (start -0.8 -0.4) (end 0.8 -0.4) (layer F.Fab) (width 0.1))
    (fp_line (start 0.8 -0.4) (end 0.8 0.4) (layer F.Fab) (width 0.1))
    (fp_line (start 0.8 0.4) (end -0.8 0.4) (layer F.Fab) (width 0.1))
    (fp_line (start -0.14058 -0.51) (end 0.14058 -0.51) (layer F.SilkS) (width 0.12))
    (fp_line (start -0.14058 0.51) (end 0.14058 0.51) (layer F.SilkS) (width 0.12))
    (fp_line (start -1.48 0.73) (end -1.48 -0.73) (layer F.CrtYd) (width 0.05))
    (fp_line (start -1.48 -0.73) (end 1.48 -0.73) (layer F.CrtYd) (width 0.05))
    (fp_line (start 1.48 -0.73) (end 1.48 0.73) (layer F.CrtYd) (width 0.05))
    (fp_line (start 1.48 0.73) (end -1.48 0.73) (layer F.CrtYd) (width 0.05))
    (pad 2 smd roundrect (at 0.775 0) (size 0.9 0.95) (layers F.Cu F.Paste F.Mask) (roundrect_rratio 0.25)
      (net 7 VDDIN))
    (pad 1 smd roundrect (at -0.775 0) (size 0.9 0.95) (layers F.Cu F.Paste F.Mask) (roundrect_rratio 0.25)
      (net 1 GND))
    (model ${KISYS3DMOD}/Capacitor_SMD.3dshapes/C_0603_1608Metric.wrl
      (at (xyz 0 0 0))
      (scale (xyz 1 1 1))
      (rotate (xyz 0 0 0))
    )
  )

  (module Capacitor_SMD:C_0603_1608Metric (layer F.Cu) (tedit 5F68FEEE) (tstamp 5FE7A223)
    (at 159.385 80.518 90)
    (descr "Capacitor SMD 0603 (1608 Metric), square (rectangular) end terminal, IPC_7351 nominal, (Body size source: IPC-SM-782 page 76, https://www.pcb-3d.com/wordpress/wp-content/uploads/ipc-sm-782a_amendment_1_and_2.pdf), generated with kicad-footprint-generator")
    (tags capacitor)
    (path /60640315)
    (attr smd)
    (fp_text reference C37 (at 0 1.27 90) (layer F.SilkS)
      (effects (font (size 0.6 0.6) (thickness 0.14)))
    )
    (fp_text value 1u (at 0 1.43 90) (layer F.Fab)
      (effects (font (size 1 1) (thickness 0.15)))
    )
    (fp_line (start 1.48 0.73) (end -1.48 0.73) (layer F.CrtYd) (width 0.05))
    (fp_line (start 1.48 -0.73) (end 1.48 0.73) (layer F.CrtYd) (width 0.05))
    (fp_line (start -1.48 -0.73) (end 1.48 -0.73) (layer F.CrtYd) (width 0.05))
    (fp_line (start -1.48 0.73) (end -1.48 -0.73) (layer F.CrtYd) (width 0.05))
    (fp_line (start -0.14058 0.51) (end 0.14058 0.51) (layer F.SilkS) (width 0.12))
    (fp_line (start -0.14058 -0.51) (end 0.14058 -0.51) (layer F.SilkS) (width 0.12))
    (fp_line (start 0.8 0.4) (end -0.8 0.4) (layer F.Fab) (width 0.1))
    (fp_line (start 0.8 -0.4) (end 0.8 0.4) (layer F.Fab) (width 0.1))
    (fp_line (start -0.8 -0.4) (end 0.8 -0.4) (layer F.Fab) (width 0.1))
    (fp_line (start -0.8 0.4) (end -0.8 -0.4) (layer F.Fab) (width 0.1))
    (fp_text user %R (at 0 0 90) (layer F.Fab)
      (effects (font (size 0.4 0.4) (thickness 0.06)))
    )
    (pad 2 smd roundrect (at 0.775 0 90) (size 0.9 0.95) (layers F.Cu F.Paste F.Mask) (roundrect_rratio 0.25)
      (net 69 +1V8))
    (pad 1 smd roundrect (at -0.775 0 90) (size 0.9 0.95) (layers F.Cu F.Paste F.Mask) (roundrect_rratio 0.25)
      (net 1 GND))
    (model ${KISYS3DMOD}/Capacitor_SMD.3dshapes/C_0603_1608Metric.wrl
      (at (xyz 0 0 0))
      (scale (xyz 1 1 1))
      (rotate (xyz 0 0 0))
    )
  )

  (module Capacitor_SMD:C_0603_1608Metric (layer F.Cu) (tedit 5F68FEEE) (tstamp 5FE7A212)
    (at 133.731 72.771)
    (descr "Capacitor SMD 0603 (1608 Metric), square (rectangular) end terminal, IPC_7351 nominal, (Body size source: IPC-SM-782 page 76, https://www.pcb-3d.com/wordpress/wp-content/uploads/ipc-sm-782a_amendment_1_and_2.pdf), generated with kicad-footprint-generator")
    (tags capacitor)
    (path /606A68A3)
    (attr smd)
    (fp_text reference C36 (at 0 -1.016) (layer F.SilkS)
      (effects (font (size 0.6 0.6) (thickness 0.14)))
    )
    (fp_text value 1u (at 0 1.43) (layer F.Fab)
      (effects (font (size 1 1) (thickness 0.15)))
    )
    (fp_line (start 1.48 0.73) (end -1.48 0.73) (layer F.CrtYd) (width 0.05))
    (fp_line (start 1.48 -0.73) (end 1.48 0.73) (layer F.CrtYd) (width 0.05))
    (fp_line (start -1.48 -0.73) (end 1.48 -0.73) (layer F.CrtYd) (width 0.05))
    (fp_line (start -1.48 0.73) (end -1.48 -0.73) (layer F.CrtYd) (width 0.05))
    (fp_line (start -0.14058 0.51) (end 0.14058 0.51) (layer F.SilkS) (width 0.12))
    (fp_line (start -0.14058 -0.51) (end 0.14058 -0.51) (layer F.SilkS) (width 0.12))
    (fp_line (start 0.8 0.4) (end -0.8 0.4) (layer F.Fab) (width 0.1))
    (fp_line (start 0.8 -0.4) (end 0.8 0.4) (layer F.Fab) (width 0.1))
    (fp_line (start -0.8 -0.4) (end 0.8 -0.4) (layer F.Fab) (width 0.1))
    (fp_line (start -0.8 0.4) (end -0.8 -0.4) (layer F.Fab) (width 0.1))
    (fp_text user %R (at 0 0) (layer F.Fab)
      (effects (font (size 0.4 0.4) (thickness 0.06)))
    )
    (pad 2 smd roundrect (at 0.775 0) (size 0.9 0.95) (layers F.Cu F.Paste F.Mask) (roundrect_rratio 0.25)
      (net 69 +1V8))
    (pad 1 smd roundrect (at -0.775 0) (size 0.9 0.95) (layers F.Cu F.Paste F.Mask) (roundrect_rratio 0.25)
      (net 1 GND))
    (model ${KISYS3DMOD}/Capacitor_SMD.3dshapes/C_0603_1608Metric.wrl
      (at (xyz 0 0 0))
      (scale (xyz 1 1 1))
      (rotate (xyz 0 0 0))
    )
  )

  (module Capacitor_SMD:C_0603_1608Metric (layer F.Cu) (tedit 5F68FEEE) (tstamp 5FE7A201)
    (at 149.479 85.979)
    (descr "Capacitor SMD 0603 (1608 Metric), square (rectangular) end terminal, IPC_7351 nominal, (Body size source: IPC-SM-782 page 76, https://www.pcb-3d.com/wordpress/wp-content/uploads/ipc-sm-782a_amendment_1_and_2.pdf), generated with kicad-footprint-generator")
    (tags capacitor)
    (path /607837B2)
    (attr smd)
    (fp_text reference C35 (at 0 1.016) (layer F.SilkS)
      (effects (font (size 0.6 0.6) (thickness 0.14)))
    )
    (fp_text value 1u (at 0 1.43) (layer F.Fab)
      (effects (font (size 1 1) (thickness 0.15)))
    )
    (fp_line (start 1.48 0.73) (end -1.48 0.73) (layer F.CrtYd) (width 0.05))
    (fp_line (start 1.48 -0.73) (end 1.48 0.73) (layer F.CrtYd) (width 0.05))
    (fp_line (start -1.48 -0.73) (end 1.48 -0.73) (layer F.CrtYd) (width 0.05))
    (fp_line (start -1.48 0.73) (end -1.48 -0.73) (layer F.CrtYd) (width 0.05))
    (fp_line (start -0.14058 0.51) (end 0.14058 0.51) (layer F.SilkS) (width 0.12))
    (fp_line (start -0.14058 -0.51) (end 0.14058 -0.51) (layer F.SilkS) (width 0.12))
    (fp_line (start 0.8 0.4) (end -0.8 0.4) (layer F.Fab) (width 0.1))
    (fp_line (start 0.8 -0.4) (end 0.8 0.4) (layer F.Fab) (width 0.1))
    (fp_line (start -0.8 -0.4) (end 0.8 -0.4) (layer F.Fab) (width 0.1))
    (fp_line (start -0.8 0.4) (end -0.8 -0.4) (layer F.Fab) (width 0.1))
    (fp_text user %R (at 0 0) (layer F.Fab)
      (effects (font (size 0.4 0.4) (thickness 0.06)))
    )
    (pad 2 smd roundrect (at 0.775 0) (size 0.9 0.95) (layers F.Cu F.Paste F.Mask) (roundrect_rratio 0.25)
      (net 7 VDDIN))
    (pad 1 smd roundrect (at -0.775 0) (size 0.9 0.95) (layers F.Cu F.Paste F.Mask) (roundrect_rratio 0.25)
      (net 1 GND))
    (model ${KISYS3DMOD}/Capacitor_SMD.3dshapes/C_0603_1608Metric.wrl
      (at (xyz 0 0 0))
      (scale (xyz 1 1 1))
      (rotate (xyz 0 0 0))
    )
  )

  (module Capacitor_SMD:C_0603_1608Metric (layer F.Cu) (tedit 5F68FEEE) (tstamp 5FE7A1F0)
    (at 144.907 61.087)
    (descr "Capacitor SMD 0603 (1608 Metric), square (rectangular) end terminal, IPC_7351 nominal, (Body size source: IPC-SM-782 page 76, https://www.pcb-3d.com/wordpress/wp-content/uploads/ipc-sm-782a_amendment_1_and_2.pdf), generated with kicad-footprint-generator")
    (tags capacitor)
    (path /6071123E)
    (attr smd)
    (fp_text reference C34 (at 0 -1.016) (layer F.SilkS)
      (effects (font (size 0.6 0.6) (thickness 0.14)))
    )
    (fp_text value 1u (at 0 1.43) (layer F.Fab)
      (effects (font (size 1 1) (thickness 0.15)))
    )
    (fp_line (start 1.48 0.73) (end -1.48 0.73) (layer F.CrtYd) (width 0.05))
    (fp_line (start 1.48 -0.73) (end 1.48 0.73) (layer F.CrtYd) (width 0.05))
    (fp_line (start -1.48 -0.73) (end 1.48 -0.73) (layer F.CrtYd) (width 0.05))
    (fp_line (start -1.48 0.73) (end -1.48 -0.73) (layer F.CrtYd) (width 0.05))
    (fp_line (start -0.14058 0.51) (end 0.14058 0.51) (layer F.SilkS) (width 0.12))
    (fp_line (start -0.14058 -0.51) (end 0.14058 -0.51) (layer F.SilkS) (width 0.12))
    (fp_line (start 0.8 0.4) (end -0.8 0.4) (layer F.Fab) (width 0.1))
    (fp_line (start 0.8 -0.4) (end 0.8 0.4) (layer F.Fab) (width 0.1))
    (fp_line (start -0.8 -0.4) (end 0.8 -0.4) (layer F.Fab) (width 0.1))
    (fp_line (start -0.8 0.4) (end -0.8 -0.4) (layer F.Fab) (width 0.1))
    (fp_text user %R (at 0 0) (layer F.Fab)
      (effects (font (size 0.4 0.4) (thickness 0.06)))
    )
    (pad 2 smd roundrect (at 0.775 0) (size 0.9 0.95) (layers F.Cu F.Paste F.Mask) (roundrect_rratio 0.25)
      (net 7 VDDIN))
    (pad 1 smd roundrect (at -0.775 0) (size 0.9 0.95) (layers F.Cu F.Paste F.Mask) (roundrect_rratio 0.25)
      (net 1 GND))
    (model ${KISYS3DMOD}/Capacitor_SMD.3dshapes/C_0603_1608Metric.wrl
      (at (xyz 0 0 0))
      (scale (xyz 1 1 1))
      (rotate (xyz 0 0 0))
    )
  )

  (module Resistor_SMD:R_0603_1608Metric (layer F.Cu) (tedit 5F68FEEE) (tstamp 5FE77697)
    (at 140.589 60.325 90)
    (descr "Resistor SMD 0603 (1608 Metric), square (rectangular) end terminal, IPC_7351 nominal, (Body size source: IPC-SM-782 page 72, https://www.pcb-3d.com/wordpress/wp-content/uploads/ipc-sm-782a_amendment_1_and_2.pdf), generated with kicad-footprint-generator")
    (tags resistor)
    (path /6052CAAD)
    (attr smd)
    (fp_text reference R23 (at 0 -1.143 90) (layer F.SilkS)
      (effects (font (size 0.6 0.6) (thickness 0.14)))
    )
    (fp_text value 10k (at 0 1.43 90) (layer F.Fab)
      (effects (font (size 1 1) (thickness 0.15)))
    )
    (fp_line (start 1.48 0.73) (end -1.48 0.73) (layer F.CrtYd) (width 0.05))
    (fp_line (start 1.48 -0.73) (end 1.48 0.73) (layer F.CrtYd) (width 0.05))
    (fp_line (start -1.48 -0.73) (end 1.48 -0.73) (layer F.CrtYd) (width 0.05))
    (fp_line (start -1.48 0.73) (end -1.48 -0.73) (layer F.CrtYd) (width 0.05))
    (fp_line (start -0.237258 0.5225) (end 0.237258 0.5225) (layer F.SilkS) (width 0.12))
    (fp_line (start -0.237258 -0.5225) (end 0.237258 -0.5225) (layer F.SilkS) (width 0.12))
    (fp_line (start 0.8 0.4125) (end -0.8 0.4125) (layer F.Fab) (width 0.1))
    (fp_line (start 0.8 -0.4125) (end 0.8 0.4125) (layer F.Fab) (width 0.1))
    (fp_line (start -0.8 -0.4125) (end 0.8 -0.4125) (layer F.Fab) (width 0.1))
    (fp_line (start -0.8 0.4125) (end -0.8 -0.4125) (layer F.Fab) (width 0.1))
    (fp_text user %R (at 0 0 90) (layer F.Fab)
      (effects (font (size 0.4 0.4) (thickness 0.06)))
    )
    (pad 2 smd roundrect (at 0.825 0 90) (size 0.8 0.95) (layers F.Cu F.Paste F.Mask) (roundrect_rratio 0.25)
      (net 159 +1V2))
    (pad 1 smd roundrect (at -0.825 0 90) (size 0.8 0.95) (layers F.Cu F.Paste F.Mask) (roundrect_rratio 0.25)
      (net 166 "Net-(R23-Pad1)"))
    (model ${KISYS3DMOD}/Resistor_SMD.3dshapes/R_0603_1608Metric.wrl
      (at (xyz 0 0 0))
      (scale (xyz 1 1 1))
      (rotate (xyz 0 0 0))
    )
  )

  (module Resistor_SMD:R_0603_1608Metric (layer F.Cu) (tedit 5F68FEEE) (tstamp 5FE77686)
    (at 142.113 60.325 90)
    (descr "Resistor SMD 0603 (1608 Metric), square (rectangular) end terminal, IPC_7351 nominal, (Body size source: IPC-SM-782 page 72, https://www.pcb-3d.com/wordpress/wp-content/uploads/ipc-sm-782a_amendment_1_and_2.pdf), generated with kicad-footprint-generator")
    (tags resistor)
    (path /60510474)
    (attr smd)
    (fp_text reference R22 (at 0.762 1.27 90) (layer F.SilkS)
      (effects (font (size 0.6 0.6) (thickness 0.14)))
    )
    (fp_text value 2k2 (at 0 1.43 90) (layer F.Fab)
      (effects (font (size 1 1) (thickness 0.15)))
    )
    (fp_line (start 1.48 0.73) (end -1.48 0.73) (layer F.CrtYd) (width 0.05))
    (fp_line (start 1.48 -0.73) (end 1.48 0.73) (layer F.CrtYd) (width 0.05))
    (fp_line (start -1.48 -0.73) (end 1.48 -0.73) (layer F.CrtYd) (width 0.05))
    (fp_line (start -1.48 0.73) (end -1.48 -0.73) (layer F.CrtYd) (width 0.05))
    (fp_line (start -0.237258 0.5225) (end 0.237258 0.5225) (layer F.SilkS) (width 0.12))
    (fp_line (start -0.237258 -0.5225) (end 0.237258 -0.5225) (layer F.SilkS) (width 0.12))
    (fp_line (start 0.8 0.4125) (end -0.8 0.4125) (layer F.Fab) (width 0.1))
    (fp_line (start 0.8 -0.4125) (end 0.8 0.4125) (layer F.Fab) (width 0.1))
    (fp_line (start -0.8 -0.4125) (end 0.8 -0.4125) (layer F.Fab) (width 0.1))
    (fp_line (start -0.8 0.4125) (end -0.8 -0.4125) (layer F.Fab) (width 0.1))
    (fp_text user %R (at 0 0 90) (layer F.Fab)
      (effects (font (size 0.4 0.4) (thickness 0.06)))
    )
    (pad 2 smd roundrect (at 0.825 0 90) (size 0.8 0.95) (layers F.Cu F.Paste F.Mask) (roundrect_rratio 0.25)
      (net 159 +1V2))
    (pad 1 smd roundrect (at -0.825 0 90) (size 0.8 0.95) (layers F.Cu F.Paste F.Mask) (roundrect_rratio 0.25)
      (net 165 "Net-(R22-Pad1)"))
    (model ${KISYS3DMOD}/Resistor_SMD.3dshapes/R_0603_1608Metric.wrl
      (at (xyz 0 0 0))
      (scale (xyz 1 1 1))
      (rotate (xyz 0 0 0))
    )
  )

  (module Capacitor_SMD:C_0603_1608Metric (layer F.Cu) (tedit 5F68FEEE) (tstamp 5FE77185)
    (at 160.147 67.691 180)
    (descr "Capacitor SMD 0603 (1608 Metric), square (rectangular) end terminal, IPC_7351 nominal, (Body size source: IPC-SM-782 page 76, https://www.pcb-3d.com/wordpress/wp-content/uploads/ipc-sm-782a_amendment_1_and_2.pdf), generated with kicad-footprint-generator")
    (tags capacitor)
    (path /60570DB6)
    (attr smd)
    (fp_text reference C33 (at 0 1.016) (layer F.SilkS)
      (effects (font (size 0.6 0.6) (thickness 0.14)))
    )
    (fp_text value 1u (at 0 1.43) (layer F.Fab)
      (effects (font (size 1 1) (thickness 0.15)))
    )
    (fp_line (start -0.8 0.4) (end -0.8 -0.4) (layer F.Fab) (width 0.1))
    (fp_line (start -0.8 -0.4) (end 0.8 -0.4) (layer F.Fab) (width 0.1))
    (fp_line (start 0.8 -0.4) (end 0.8 0.4) (layer F.Fab) (width 0.1))
    (fp_line (start 0.8 0.4) (end -0.8 0.4) (layer F.Fab) (width 0.1))
    (fp_line (start -0.14058 -0.51) (end 0.14058 -0.51) (layer F.SilkS) (width 0.12))
    (fp_line (start -0.14058 0.51) (end 0.14058 0.51) (layer F.SilkS) (width 0.12))
    (fp_line (start -1.48 0.73) (end -1.48 -0.73) (layer F.CrtYd) (width 0.05))
    (fp_line (start -1.48 -0.73) (end 1.48 -0.73) (layer F.CrtYd) (width 0.05))
    (fp_line (start 1.48 -0.73) (end 1.48 0.73) (layer F.CrtYd) (width 0.05))
    (fp_line (start 1.48 0.73) (end -1.48 0.73) (layer F.CrtYd) (width 0.05))
    (fp_text user %R (at 0 0) (layer F.Fab)
      (effects (font (size 0.4 0.4) (thickness 0.06)))
    )
    (pad 1 smd roundrect (at -0.775 0 180) (size 0.9 0.95) (layers F.Cu F.Paste F.Mask) (roundrect_rratio 0.25)
      (net 1 GND))
    (pad 2 smd roundrect (at 0.775 0 180) (size 0.9 0.95) (layers F.Cu F.Paste F.Mask) (roundrect_rratio 0.25)
      (net 69 +1V8))
    (model ${KISYS3DMOD}/Capacitor_SMD.3dshapes/C_0603_1608Metric.wrl
      (at (xyz 0 0 0))
      (scale (xyz 1 1 1))
      (rotate (xyz 0 0 0))
    )
  )

  (module Capacitor_SMD:C_0603_1608Metric (layer F.Cu) (tedit 5F68FEEE) (tstamp 5FE77174)
    (at 144.399 85.979 180)
    (descr "Capacitor SMD 0603 (1608 Metric), square (rectangular) end terminal, IPC_7351 nominal, (Body size source: IPC-SM-782 page 76, https://www.pcb-3d.com/wordpress/wp-content/uploads/ipc-sm-782a_amendment_1_and_2.pdf), generated with kicad-footprint-generator")
    (tags capacitor)
    (path /605A0E01)
    (attr smd)
    (fp_text reference C32 (at 0 -1.143) (layer F.SilkS)
      (effects (font (size 0.6 0.6) (thickness 0.14)))
    )
    (fp_text value 1u (at 0 1.43) (layer F.Fab)
      (effects (font (size 1 1) (thickness 0.15)))
    )
    (fp_line (start 1.48 0.73) (end -1.48 0.73) (layer F.CrtYd) (width 0.05))
    (fp_line (start 1.48 -0.73) (end 1.48 0.73) (layer F.CrtYd) (width 0.05))
    (fp_line (start -1.48 -0.73) (end 1.48 -0.73) (layer F.CrtYd) (width 0.05))
    (fp_line (start -1.48 0.73) (end -1.48 -0.73) (layer F.CrtYd) (width 0.05))
    (fp_line (start -0.14058 0.51) (end 0.14058 0.51) (layer F.SilkS) (width 0.12))
    (fp_line (start -0.14058 -0.51) (end 0.14058 -0.51) (layer F.SilkS) (width 0.12))
    (fp_line (start 0.8 0.4) (end -0.8 0.4) (layer F.Fab) (width 0.1))
    (fp_line (start 0.8 -0.4) (end 0.8 0.4) (layer F.Fab) (width 0.1))
    (fp_line (start -0.8 -0.4) (end 0.8 -0.4) (layer F.Fab) (width 0.1))
    (fp_line (start -0.8 0.4) (end -0.8 -0.4) (layer F.Fab) (width 0.1))
    (fp_text user %R (at 0 0) (layer F.Fab)
      (effects (font (size 0.4 0.4) (thickness 0.06)))
    )
    (pad 2 smd roundrect (at 0.775 0 180) (size 0.9 0.95) (layers F.Cu F.Paste F.Mask) (roundrect_rratio 0.25)
      (net 7 VDDIN))
    (pad 1 smd roundrect (at -0.775 0 180) (size 0.9 0.95) (layers F.Cu F.Paste F.Mask) (roundrect_rratio 0.25)
      (net 1 GND))
    (model ${KISYS3DMOD}/Capacitor_SMD.3dshapes/C_0603_1608Metric.wrl
      (at (xyz 0 0 0))
      (scale (xyz 1 1 1))
      (rotate (xyz 0 0 0))
    )
  )

  (module Capacitor_SMD:C_0603_1608Metric (layer F.Cu) (tedit 5F68FEEE) (tstamp 5FE77163)
    (at 151.892 61.087)
    (descr "Capacitor SMD 0603 (1608 Metric), square (rectangular) end terminal, IPC_7351 nominal, (Body size source: IPC-SM-782 page 76, https://www.pcb-3d.com/wordpress/wp-content/uploads/ipc-sm-782a_amendment_1_and_2.pdf), generated with kicad-footprint-generator")
    (tags capacitor)
    (path /60590CAD)
    (attr smd)
    (fp_text reference C31 (at 0 -1.016) (layer F.SilkS)
      (effects (font (size 0.6 0.6) (thickness 0.14)))
    )
    (fp_text value 1u (at 0 1.43) (layer F.Fab)
      (effects (font (size 1 1) (thickness 0.15)))
    )
    (fp_line (start 1.48 0.73) (end -1.48 0.73) (layer F.CrtYd) (width 0.05))
    (fp_line (start 1.48 -0.73) (end 1.48 0.73) (layer F.CrtYd) (width 0.05))
    (fp_line (start -1.48 -0.73) (end 1.48 -0.73) (layer F.CrtYd) (width 0.05))
    (fp_line (start -1.48 0.73) (end -1.48 -0.73) (layer F.CrtYd) (width 0.05))
    (fp_line (start -0.14058 0.51) (end 0.14058 0.51) (layer F.SilkS) (width 0.12))
    (fp_line (start -0.14058 -0.51) (end 0.14058 -0.51) (layer F.SilkS) (width 0.12))
    (fp_line (start 0.8 0.4) (end -0.8 0.4) (layer F.Fab) (width 0.1))
    (fp_line (start 0.8 -0.4) (end 0.8 0.4) (layer F.Fab) (width 0.1))
    (fp_line (start -0.8 -0.4) (end 0.8 -0.4) (layer F.Fab) (width 0.1))
    (fp_line (start -0.8 0.4) (end -0.8 -0.4) (layer F.Fab) (width 0.1))
    (fp_text user %R (at 0 0) (layer F.Fab)
      (effects (font (size 0.4 0.4) (thickness 0.06)))
    )
    (pad 2 smd roundrect (at 0.775 0) (size 0.9 0.95) (layers F.Cu F.Paste F.Mask) (roundrect_rratio 0.25)
      (net 7 VDDIN))
    (pad 1 smd roundrect (at -0.775 0) (size 0.9 0.95) (layers F.Cu F.Paste F.Mask) (roundrect_rratio 0.25)
      (net 1 GND))
    (model ${KISYS3DMOD}/Capacitor_SMD.3dshapes/C_0603_1608Metric.wrl
      (at (xyz 0 0 0))
      (scale (xyz 1 1 1))
      (rotate (xyz 0 0 0))
    )
  )

  (module Capacitor_SMD:C_0603_1608Metric (layer F.Cu) (tedit 5F68FEEE) (tstamp 5FE6DE80)
    (at 137.414 61.087 180)
    (descr "Capacitor SMD 0603 (1608 Metric), square (rectangular) end terminal, IPC_7351 nominal, (Body size source: IPC-SM-782 page 76, https://www.pcb-3d.com/wordpress/wp-content/uploads/ipc-sm-782a_amendment_1_and_2.pdf), generated with kicad-footprint-generator")
    (tags capacitor)
    (path /603F2D72)
    (attr smd)
    (fp_text reference C30 (at 0 1.016) (layer F.SilkS)
      (effects (font (size 0.6 0.6) (thickness 0.14)))
    )
    (fp_text value 1u (at 0 1.43) (layer F.Fab)
      (effects (font (size 1 1) (thickness 0.15)))
    )
    (fp_line (start 1.48 0.73) (end -1.48 0.73) (layer F.CrtYd) (width 0.05))
    (fp_line (start 1.48 -0.73) (end 1.48 0.73) (layer F.CrtYd) (width 0.05))
    (fp_line (start -1.48 -0.73) (end 1.48 -0.73) (layer F.CrtYd) (width 0.05))
    (fp_line (start -1.48 0.73) (end -1.48 -0.73) (layer F.CrtYd) (width 0.05))
    (fp_line (start -0.14058 0.51) (end 0.14058 0.51) (layer F.SilkS) (width 0.12))
    (fp_line (start -0.14058 -0.51) (end 0.14058 -0.51) (layer F.SilkS) (width 0.12))
    (fp_line (start 0.8 0.4) (end -0.8 0.4) (layer F.Fab) (width 0.1))
    (fp_line (start 0.8 -0.4) (end 0.8 0.4) (layer F.Fab) (width 0.1))
    (fp_line (start -0.8 -0.4) (end 0.8 -0.4) (layer F.Fab) (width 0.1))
    (fp_line (start -0.8 0.4) (end -0.8 -0.4) (layer F.Fab) (width 0.1))
    (fp_text user %R (at 0 0) (layer F.Fab)
      (effects (font (size 0.4 0.4) (thickness 0.06)))
    )
    (pad 2 smd roundrect (at 0.775 0 180) (size 0.9 0.95) (layers F.Cu F.Paste F.Mask) (roundrect_rratio 0.25)
      (net 1 GND))
    (pad 1 smd roundrect (at -0.775 0 180) (size 0.9 0.95) (layers F.Cu F.Paste F.Mask) (roundrect_rratio 0.25)
      (net 7 VDDIN))
